10 15 
14 
C 10 1 
C 1 15 
V 1 9 
T 1 13 
C 2 3 
T 3 1 
V 3 8 
T 6 3 
T 7 10 
C 8 2 
V 8 6 
T 8 15 
C 9 13 
T 10 3 
0 0 0 0 1 0 0 0 0 0 0 0 1 0 0 0 1 
0 0 0 1 0 0 0 1 0 0 0 0 0 0 0 0 0 
0 0 0 1 0 0 1 1 0 0 0 0 0 0 0 0 0 
0 1 1 0 0 0 0 1 0 0 0 0 0 0 0 0 0 
0 0 0 0 0 1 1 0 1 0 0 0 0 0 0 0 0 
0 0 0 0 1 0 0 0 1 0 1 0 0 0 0 0 0 
0 0 1 0 1 0 0 1 1 1 0 0 0 1 0 0 0 
0 1 1 1 0 0 1 0 0 1 0 0 0 0 1 0 0 
0 0 0 0 1 1 1 0 0 1 1 1 0 0 0 0 0 
0 0 0 0 0 0 1 1 1 0 0 1 0 0 1 0 0 
0 0 0 0 0 1 0 0 1 0 0 1 1 1 0 0 0 
0 0 0 0 0 0 0 0 1 1 1 0 0 1 0 1 0 
1 0 0 0 1 0 0 0 0 0 1 0 0 1 0 0 1 
0 0 0 0 0 0 0 0 0 0 1 1 1 0 0 0 1 
0 0 0 0 0 0 0 1 0 1 0 0 0 0 0 1 0 
0 0 0 0 1 0 0 0 0 0 0 1 0 0 1 0 0 
1 0 0 0 0 0 0 0 0 0 0 0 1 1 0 0 0 
